Projeto Estruturas                                
 
MATRIZ DE RIGIDEZ LOCAL DO ELEMENTO   1
    1500000000.0             0.0             0.0   -1500000000.0             0.0             0.0
             0.0      60000000.0      60000000.0             0.0     -60000000.0      60000000.0
             0.0      60000000.0      80000000.0             0.0     -60000000.0      40000000.0
   -1500000000.0             0.0             0.0    1500000000.0             0.0             0.0
             0.0     -60000000.0     -60000000.0             0.0      60000000.0     -60000000.0
             0.0      60000000.0      40000000.0             0.0     -60000000.0      80000000.0
 
MATRIZ DE RIGIDEZ LOCAL DO ELEMENTO   2
     833333333.3             0.0             0.0    -833333333.3             0.0             0.0
             0.0      23148148.1      34722222.2             0.0     -23148148.1      34722222.2
             0.0      34722222.2      69444444.4             0.0     -34722222.2      34722222.2
    -833333333.3             0.0             0.0     833333333.3             0.0             0.0
             0.0     -23148148.1     -34722222.2             0.0      23148148.1     -34722222.2
             0.0      34722222.2      34722222.2             0.0     -34722222.2      69444444.4
 
MATRIZ DE RIGIDEZ LOCAL DO ELEMENTO   3
    1500000000.0             0.0             0.0   -1500000000.0             0.0             0.0
             0.0      60000000.0      60000000.0             0.0     -60000000.0      60000000.0
             0.0      60000000.0      80000000.0             0.0     -60000000.0      40000000.0
   -1500000000.0             0.0             0.0    1500000000.0             0.0             0.0
             0.0     -60000000.0     -60000000.0             0.0      60000000.0     -60000000.0
             0.0      60000000.0      40000000.0             0.0     -60000000.0      80000000.0
 
MATRIZ DE ROTACAO LOCAL DO ELEMENTO   1
             0.0             1.0             0.0             0.0             0.0             0.0
            -1.0             0.0             0.0             0.0             0.0             0.0
             0.0             0.0             1.0             0.0             0.0             0.0
             0.0             0.0             0.0             0.0             1.0             0.0
             0.0             0.0             0.0            -1.0             0.0             0.0
             0.0             0.0             0.0             0.0             0.0             1.0
 
MATRIZ DE ROTACAO LOCAL DO ELEMENTO   2
             1.0             0.0             0.0             0.0             0.0             0.0
             0.0             1.0             0.0             0.0             0.0             0.0
             0.0             0.0             1.0             0.0             0.0             0.0
             0.0             0.0             0.0             1.0             0.0             0.0
             0.0             0.0             0.0             0.0             1.0             0.0
             0.0             0.0             0.0             0.0             0.0             1.0
 
MATRIZ DE ROTACAO LOCAL DO ELEMENTO   3
             0.0            -1.0             0.0             0.0             0.0             0.0
             1.0             0.0             0.0             0.0             0.0             0.0
             0.0             0.0             1.0             0.0             0.0             0.0
             0.0             0.0             0.0             0.0            -1.0             0.0
             0.0             0.0             0.0             1.0             0.0             0.0
             0.0             0.0             0.0             0.0             0.0             1.0
 
MATRIZ DE RIGIDEZ GLOBAL DA ESTRUTURA
    60000000.000           0.000   -60000000.000   -60000000.000           0.000   -60000000.000           0.000           0.000           0.000           0.000           0.000           0.000
           0.000  1500000000.000           0.000           0.000 -1500000000.000           0.000           0.000           0.000           0.000           0.000           0.000           0.000
   -60000000.000           0.000    80000000.000    60000000.000           0.000    40000000.000           0.000           0.000           0.000           0.000           0.000           0.000
   -60000000.000           0.000    60000000.000   893333333.333           0.000    60000000.000  -833333333.333           0.000           0.000           0.000           0.000           0.000
           0.000 -1500000000.000           0.000           0.000  1523148148.148    34722222.222           0.000   -23148148.148    34722222.222           0.000           0.000           0.000
   -60000000.000           0.000    40000000.000    60000000.000    34722222.222   149444444.444           0.000   -34722222.222    34722222.222           0.000           0.000           0.000
           0.000           0.000           0.000  -833333333.333           0.000           0.000   893333333.333           0.000    60000000.000   -60000000.000           0.000    60000000.000
           0.000           0.000           0.000           0.000   -23148148.148   -34722222.222           0.000  1523148148.148   -34722222.222           0.000 -1500000000.000           0.000
           0.000           0.000           0.000           0.000    34722222.222    34722222.222    60000000.000   -34722222.222   149444444.444   -60000000.000           0.000    40000000.000
           0.000           0.000           0.000           0.000           0.000           0.000   -60000000.000           0.000   -60000000.000    60000000.000           0.000   -60000000.000
           0.000           0.000           0.000           0.000           0.000           0.000           0.000 -1500000000.000           0.000           0.000  1500000000.000           0.000
           0.000           0.000           0.000           0.000           0.000           0.000    60000000.000           0.000    40000000.000   -60000000.000           0.000    80000000.000
 
VETOR DE ESFORCOS LOCAIS DO ELEMENTO   1
             0.0
         -1000.0
          -333.3
             0.0
         -1000.0
           333.3
 
VETOR DE ESFORCOS LOCAIS DO ELEMENTO   2
             0.0
         -3000.0
         -1500.0
             0.0
         -3000.0
          1500.0
 
VETOR DE ESFORCOS LOCAIS DO ELEMENTO   3
             0.0
         -1000.0
          -333.3
             0.0
         -1000.0
           333.3
 
VETOR DE ESFORCOS GLOBAIS NA ESTRUTURA
          1000.0
             0.0
          -333.3
         11000.0
         -3000.0
         -1166.7
         -1000.0
         -8000.0
          1166.7
         -1000.0
             0.0
           333.3
 
VETOR DE DESLOCAMENTOS GLOBAIS NA ESTRUTURA
       0.000E+00
       0.000E+00
       0.000E+00
       1.295E-04
      -1.532E-07
      -5.444E-05
       1.217E-04
      -7.180E-06
      -3.002E-05
       0.000E+00
       0.000E+00
       0.000E+00
 
VETOR DE DESLOCAMENTOS LOCAIS DO ELEMENTO  1
       0.000E+00
       0.000E+00
       0.000E+00
      -1.532E-07
      -1.295E-04
      -5.444E-05
 
VETOR DE DESLOCAMENTOS LOCAIS DO ELEMENTO  2
       1.295E-04
      -1.532E-07
      -5.444E-05
       1.217E-04
      -7.180E-06
      -3.002E-05
 
VETOR DE DESLOCAMENTOS LOCAIS DO ELEMENTO  3
       7.180E-06
       1.217E-04
      -3.002E-05
       0.000E+00
       0.000E+00
       0.000E+00
 
REACOES NO ELEMENTO  1
                 Esf Normal (N) Esf Cortante (N) Mom Fletor (Nm)
No inicial:         2.298E+02       5.501E+03       5.924E+03
No final:          -2.298E+02      -3.501E+03       3.079E+03
 
REACOES NO ELEMENTO  2
                 Esf Normal (N) Esf Cortante (N) Mom Fletor (Nm)
No inicial:         6.499E+03       2.298E+02      -3.079E+03
No final:          -6.499E+03       5.770E+03      -5.231E+03
 
REACOES NO ELEMENTO  3
                 Esf Normal (N) Esf Cortante (N) Mom Fletor (Nm)
No inicial:         1.077E+04       6.499E+03       5.231E+03
No final:          -1.077E+04      -4.499E+03       5.766E+03
 
